1	-109.235
1.02997	-109.774
1.05994	-110.262
1.08991	-110.698
1.11988	-111.082
1.14985	-111.415
1.17982	-111.696
1.20979	-111.925
1.23976	-112.103
1.26973	-112.23
1.2997	-112.306
1.32967	-112.332
1.35964	-112.306
1.38961	-112.231
1.41958	-112.106
1.44955	-111.931
1.47952	-111.706
1.50949	-111.433
1.53946	-111.11
1.56943	-110.74
1.5994	-110.321
1.62937	-109.855
1.65934	-109.342
1.68931	-108.782
1.71928	-108.176
1.74925	-107.524
1.77922	-106.827
1.80919	-106.085
1.83916	-105.298
1.86913	-104.468
1.8991	-103.595
1.92907	-102.68
1.95904	-101.722
1.98901	-100.723
2.01898	-99.6826
2.04895	-98.6024
2.07892	-97.4827
2.10889	-96.3241
2.13886	-95.1273
2.16883	-93.893
2.1988	-92.6217
2.22877	-91.3144
2.25874	-89.9716
2.28871	-88.5942
2.31868	-87.1827
2.34865	-85.7381
2.37862	-84.261
2.40859	-82.7522
2.43856	-81.2125
2.46853	-79.6427
2.4985	-78.0435
2.52847	-76.4159
2.55844	-74.7605
2.58841	-73.0783
2.61838	-71.37
2.64835	-69.6365
2.67832	-67.8786
2.70829	-66.0972
2.73826	-64.2932
2.76823	-62.4673
2.7982	-60.6205
2.82817	-58.7536
2.85814	-56.8676
2.88811	-54.9632
2.91808	-53.0414
2.94805	-51.103
2.97802	-49.149
3.00799	-47.1802
3.03796	-45.1976
3.06793	-43.202
3.0979	-41.1943
3.12787	-39.1755
3.15784	-37.1464
3.18781	-35.1079
3.21778	-33.061
3.24775	-31.0065
3.27772	-28.9454
3.30769	-26.8785
3.33766	-24.8067
3.36763	-22.7309
3.3976	-20.6521
3.42757	-18.5711
3.45754	-16.4889
3.48751	-14.4062
3.51748	-12.324
3.54745	-10.2432
3.57742	-8.16465
3.60739	-6.08919
3.63736	-4.01772
3.66733	-1.95109
3.6973	0.109829
3.72727	2.1642
3.75724	4.21116
3.78721	6.24989
3.81718	8.27954
3.84715	10.2993
3.87712	12.3083
3.90709	14.3058
3.93706	16.291
3.96703	18.263
3.997	20.2211
4.02697	22.1645
4.05694	24.0925
4.08691	26.0042
4.11688	27.8989
4.14685	29.7759
4.17682	31.6345
4.20679	33.4739
4.23676	35.2933
4.26673	37.0922
4.2967	38.8699
4.32667	40.6255
4.35664	42.3585
4.38661	44.0683
4.41658	45.7541
4.44655	47.4154
4.47652	49.0515
4.50649	50.6618
4.53646	52.2457
4.56643	53.8027
4.5964	55.3321
4.62637	56.8335
4.65634	58.3062
4.68631	59.7498
4.71628	61.1638
4.74625	62.5475
4.77622	63.9006
4.80619	65.2226
4.83616	66.513
4.86613	67.7714
4.8961	68.9974
4.92607	70.1904
4.95604	71.3503
4.98601	72.4764
5.01598	73.5686
5.04595	74.6264
5.07592	75.6495
5.10589	76.6376
5.13586	77.5904
5.16583	78.5075
5.1958	79.3888
5.22577	80.2339
5.25574	81.0426
5.28571	81.8147
5.31568	82.55
5.34565	83.2483
5.37562	83.9093
5.40559	84.533
5.43556	85.1192
5.46553	85.6678
5.4955	86.1786
5.52547	86.6516
5.55544	87.0866
5.58541	87.4837
5.61538	87.8427
5.64535	88.1637
5.67532	88.4465
5.70529	88.6913
5.73526	88.898
5.76523	89.0667
5.7952	89.1974
5.82517	89.2901
5.85514	89.3451
5.88511	89.3622
5.91508	89.3418
5.94505	89.2838
5.97502	89.1885
6.005	89.056
6.03497	88.8864
6.06494	88.6801
6.09491	88.4371
6.12488	88.1576
6.15485	87.842
6.18482	87.4905
6.21479	87.1033
6.24476	86.6808
6.27473	86.2231
6.3047	85.7307
6.33467	85.2038
6.36464	84.6428
6.39461	84.0481
6.42458	83.4199
6.45455	82.7587
6.48452	82.0649
6.51449	81.3389
6.54446	80.5811
6.57443	79.7918
6.6044	78.9717
6.63437	78.121
6.66434	77.2404
6.69431	76.3302
6.72428	75.3909
6.75425	74.4232
6.78422	73.4273
6.81419	72.404
6.84416	71.3538
6.87413	70.277
6.9041	69.1745
6.93407	68.0466
6.96404	66.894
6.99401	65.7173
7.02398	64.517
7.05395	63.2937
7.08392	62.0482
7.11389	60.7809
7.14386	59.4926
7.17383	58.1838
7.2038	56.8552
7.23377	55.5074
7.26374	54.1412
7.29371	52.7571
7.32368	51.3558
7.35365	49.9381
7.38362	48.5046
7.41359	47.056
7.44356	45.5929
7.47353	44.1162
7.5035	42.6264
7.53347	41.1243
7.56344	39.6106
7.59341	38.0861
7.62338	36.5513
7.65335	35.0072
7.68332	33.4542
7.71329	31.8933
7.74326	30.3252
7.77323	28.7504
7.8032	27.1699
7.83317	25.5843
7.86314	23.9943
7.89311	22.4007
7.92308	20.8042
7.95305	19.2056
7.98302	17.6055
8.01299	16.0048
8.04296	14.4041
8.07293	12.8041
8.1029	11.2056
8.13287	9.60931
8.16284	8.01595
8.19281	6.42623
8.22278	4.84086
8.25275	3.26055
8.28272	1.68601
8.31269	0.117943
8.34266	-1.44296
8.37263	-2.99601
8.4026	-4.54051
8.43257	-6.07578
8.46254	-7.60116
8.49251	-9.11597
8.52248	-10.6195
8.55245	-12.1112
8.58242	-13.5904
8.61239	-15.0563
8.64236	-16.5085
8.67233	-17.9462
8.7023	-19.3689
8.73227	-20.7759
8.76224	-22.1666
8.79221	-23.5404
8.82218	-24.8969
8.85215	-26.2353
8.88212	-27.5551
8.91209	-28.8558
8.94206	-30.1368
8.97203	-31.3976
9.002	-32.6376
9.03197	-33.8565
9.06194	-35.0535
9.09191	-36.2284
9.12188	-37.3805
9.15185	-38.5095
9.18182	-39.6148
9.21179	-40.6961
9.24176	-41.7528
9.27173	-42.7847
9.3017	-43.7912
9.33167	-44.772
9.36164	-45.7268
9.39161	-46.655
9.42158	-47.5565
9.45155	-48.4308
9.48152	-49.2777
9.51149	-50.0968
9.54146	-50.8878
9.57143	-51.6505
9.6014	-52.3846
9.63137	-53.0898
9.66134	-53.7658
9.69131	-54.4126
9.72128	-55.0298
9.75125	-55.6172
9.78122	-56.1747
9.81119	-56.7022
9.84116	-57.1993
9.87113	-57.6662
9.9011	-58.1025
9.93107	-58.5082
9.96104	-58.8832
9.99101	-59.2274
10.021	-59.5408
10.0509	-59.8233
10.0809	-60.0749
10.1109	-60.2956
10.1409	-60.4853
10.1708	-60.6441
10.2008	-60.772
10.2308	-60.8691
10.2607	-60.9353
10.2907	-60.9708
10.3207	-60.9757
10.3506	-60.9501
10.3806	-60.894
10.4106	-60.8077
10.4406	-60.6912
10.4705	-60.5447
10.5005	-60.3684
10.5305	-60.1624
10.5604	-59.9271
10.5904	-59.6625
10.6204	-59.3689
10.6503	-59.0466
10.6803	-58.6958
10.7103	-58.3168
10.7403	-57.9098
10.7702	-57.4752
10.8002	-57.0132
10.8302	-56.5242
10.8601	-56.0085
10.8901	-55.4665
10.9201	-54.8985
10.95	-54.3048
10.98	-53.6859
11.01	-53.0421
11.04	-52.3738
11.0699	-51.6815
11.0999	-50.9656
11.1299	-50.2264
11.1598	-49.4645
11.1898	-48.6803
11.2198	-47.8743
11.2498	-47.0468
11.2797	-46.1985
11.3097	-45.3298
11.3397	-44.4411
11.3696	-43.5331
11.3996	-42.6061
11.4296	-41.6608
11.4595	-40.6976
11.4895	-39.7171
11.5195	-38.7199
11.5495	-37.7064
11.5794	-36.6773
11.6094	-35.633
11.6394	-34.5742
11.6693	-33.5015
11.6993	-32.4153
11.7293	-31.3164
11.7592	-30.2052
11.7892	-29.0823
11.8192	-27.9485
11.8492	-26.8041
11.8791	-25.65
11.9091	-24.4866
11.9391	-23.3145
11.969	-22.1344
11.999	-20.9469
12.029	-19.7526
12.0589	-18.552
12.0889	-17.3459
12.1189	-16.1348
12.1489	-14.9193
12.1788	-13.7001
12.2088	-12.4777
12.2388	-11.2528
12.2687	-10.026
12.2987	-8.7979
12.3287	-7.56908
12.3586	-6.34017
12.3886	-5.11177
12.4186	-3.88447
12.4486	-2.65889
12.4785	-1.43561
12.5085	-0.21522
12.5385	1.00169
12.5684	2.21453
12.5984	3.42273
12.6284	4.62571
12.6583	5.8229
12.6883	7.01374
12.7183	8.19767
12.7483	9.37414
12.7782	10.5426
12.8082	11.7025
12.8382	12.8533
12.8681	13.9946
12.8981	15.1256
12.9281	16.2461
12.958	17.3554
12.988	18.453
13.018	19.5386
13.048	20.6115
13.0779	21.6713
13.1079	22.7175
13.1379	23.7498
13.1678	24.7676
13.1978	25.7706
13.2278	26.7582
13.2577	27.7301
13.2877	28.6858
13.3177	29.625
13.3477	30.5473
13.3776	31.4524
13.4076	32.3397
13.4376	33.209
13.4675	34.06
13.4975	34.8923
13.5275	35.7056
13.5574	36.4995
13.5874	37.2738
13.6174	38.0282
13.6474	38.7625
13.6773	39.4762
13.7073	40.1693
13.7373	40.8414
13.7672	41.4924
13.7972	42.1219
13.8272	42.7299
13.8571	43.316
13.8871	43.8802
13.9171	44.4223
13.9471	44.9421
13.977	45.4394
14.007	45.9142
14.037	46.3663
14.0669	46.7955
14.0969	47.2019
14.1269	47.5853
14.1568	47.9457
14.1868	48.283
14.2168	48.5971
14.2468	48.8881
14.2767	49.1558
14.3067	49.4004
14.3367	49.6217
14.3666	49.8198
14.3966	49.9948
14.4266	50.1467
14.4565	50.2754
14.4865	50.3812
14.5165	50.464
14.5465	50.524
14.5764	50.5612
14.6064	50.5757
14.6364	50.5677
14.6663	50.5373
14.6963	50.4847
14.7263	50.4099
14.7562	50.3132
14.7862	50.1947
14.8162	50.0546
14.8462	49.8931
14.8761	49.7104
14.9061	49.5067
14.9361	49.2822
14.966	49.0372
14.996	48.772
15.026	48.4866
15.0559	48.1815
15.0859	47.8569
15.1159	47.513
15.1459	47.1502
15.1758	46.7687
15.2058	46.3689
15.2358	45.951
15.2657	45.5153
15.2957	45.0623
15.3257	44.5921
15.3556	44.1052
15.3856	43.602
15.4156	43.0826
15.4456	42.5475
15.4755	41.9972
15.5055	41.4318
15.5355	40.8518
15.5654	40.2577
15.5954	39.6496
15.6254	39.0282
15.6553	38.3937
15.6853	37.7465
15.7153	37.087
15.7453	36.4158
15.7752	35.733
15.8052	35.0392
15.8352	34.3348
15.8651	33.6202
15.8951	32.8958
15.9251	32.1621
15.955	31.4194
15.985	30.6682
16.015	29.9089
16.045	29.1419
16.0749	28.3677
16.1049	27.5867
16.1349	26.7993
16.1648	26.006
16.1948	25.2072
16.2248	24.4032
16.2547	23.5947
16.2847	22.7819
16.3147	21.9653
16.3447	21.1454
16.3746	20.3225
16.4046	19.4971
16.4346	18.6696
16.4645	17.8404
16.4945	17.01
16.5245	16.1788
16.5544	15.3471
16.5844	14.5154
16.6144	13.6841
16.6444	12.8536
16.6743	12.0244
16.7043	11.1967
16.7343	10.371
16.7642	9.54766
16.7942	8.72711
16.8242	7.90972
16.8541	7.09584
16.8841	6.28587
16.9141	5.48016
16.9441	4.67907
16.974	3.88296
17.004	3.09219
17.034	2.3071
17.0639	1.52802
17.0939	0.755303
17.1239	-0.0107365
17.1538	-0.769772
17.1838	-1.52149
17.2138	-2.26557
17.2438	-3.00172
17.2737	-3.72964
17.3037	-4.44904
17.3337	-5.15964
17.3636	-5.86115
17.3936	-6.55331
17.4236	-7.23586
17.4535	-7.90854
17.4835	-8.5711
17.5135	-9.2233
17.5435	-9.8649
17.5734	-10.4957
17.6034	-11.1154
17.6334	-11.7239
17.6633	-12.321
17.6933	-12.9064
17.7233	-13.4799
17.7532	-14.0414
17.7832	-14.5907
17.8132	-15.1277
17.8432	-15.6521
17.8731	-16.1639
17.9031	-16.6628
17.9331	-17.1488
17.963	-17.6218
17.993	-18.0815
18.023	-18.5279
18.0529	-18.9609
18.0829	-19.3804
18.1129	-19.7862
18.1429	-20.1784
18.1728	-20.5569
18.2028	-20.9215
18.2328	-21.2722
18.2627	-21.609
18.2927	-21.9318
18.3227	-22.2407
18.3526	-22.5354
18.3826	-22.8161
18.4126	-23.0827
18.4426	-23.3352
18.4725	-23.5737
18.5025	-23.798
18.5325	-24.0083
18.5624	-24.2045
18.5924	-24.3867
18.6224	-24.5549
18.6523	-24.7092
18.6823	-24.8495
18.7123	-24.976
18.7423	-25.0887
18.7722	-25.1876
18.8022	-25.2729
18.8322	-25.3446
18.8621	-25.4028
18.8921	-25.4476
18.9221	-25.4791
18.952	-25.4974
18.982	-25.5025
19.012	-25.4946
19.042	-25.4739
19.0719	-25.4404
19.1019	-25.3942
19.1319	-25.3355
19.1618	-25.2644
19.1918	-25.1811
19.2218	-25.0857
19.2517	-24.9783
19.2817	-24.8591
19.3117	-24.7283
19.3417	-24.586
19.3716	-24.4324
19.4016	-24.2676
19.4316	-24.0918
19.4615	-23.9052
19.4915	-23.708
19.5215	-23.5003
19.5514	-23.2823
19.5814	-23.0543
19.6114	-22.8163
19.6414	-22.5687
19.6713	-22.3115
19.7013	-22.045
19.7313	-21.7693
19.7612	-21.4848
19.7912	-21.1915
19.8212	-20.8897
19.8511	-20.5795
19.8811	-20.2613
19.9111	-19.9352
19.9411	-19.6013
19.971	-19.26
20.001	-18.9114
20.031	-18.5557
20.0609	-18.1931
20.0909	-17.824
20.1209	-17.4484
20.1508	-17.0666
20.1808	-16.6787
20.2108	-16.2852
20.2408	-15.886
20.2707	-15.4815
20.3007	-15.0718
20.3307	-14.6572
20.3606	-14.2379
20.3906	-13.8141
20.4206	-13.386
20.4505	-12.9538
20.4805	-12.5177
20.5105	-12.078
20.5405	-11.6349
20.5704	-11.1885
20.6004	-10.7391
20.6304	-10.2868
20.6603	-9.83194
20.6903	-9.37465
20.7203	-8.91515
20.7502	-8.45364
20.7802	-7.99031
20.8102	-7.52537
20.8402	-7.059
20.8701	-6.59141
20.9001	-6.12278
20.9301	-5.65331
20.96	-5.18318
20.99	-4.71258
21.02	-4.2417
21.05	-3.77072
21.0799	-3.29982
21.1099	-2.82918
21.1399	-2.35897
21.1698	-1.88937
21.1998	-1.42054
21.2298	-0.95267
21.2597	-0.485912
21.2897	-0.0204343
21.3197	0.4436
21.3497	0.906031
21.3796	1.3667
21.4096	1.82546
21.4396	2.28215
21.4695	2.73662
21.4995	3.18872
21.5295	3.63831
21.5594	4.08525
21.5894	4.5294
21.6194	4.97062
21.6494	5.40877
21.6793	5.84373
21.7093	6.27536
21.7393	6.70353
21.7692	7.12813
21.7992	7.54902
21.8292	7.9661
21.8591	8.37923
21.8891	8.78832
21.9191	9.19324
21.9491	9.59389
21.979	9.99016
22.009	10.382
22.039	10.7692
22.0689	11.1517
22.0989	11.5294
22.1289	11.9023
22.1588	12.2702
22.1888	12.633
22.2188	12.9907
22.2488	13.3432
22.2787	13.6903
22.3087	14.0321
22.3387	14.3684
22.3686	14.6991
22.3986	15.0243
22.4286	15.3437
22.4585	15.6574
22.4885	15.9653
22.5185	16.2672
22.5485	16.5633
22.5784	16.8533
22.6084	17.1373
22.6384	17.4151
22.6683	17.6867
22.6983	17.9522
22.7283	18.2113
22.7582	18.4641
22.7882	18.7106
22.8182	18.9506
22.8482	19.1842
22.8781	19.4113
22.9081	19.6318
22.9381	19.8458
22.968	20.0532
22.998	20.2539
23.028	20.448
23.0579	20.6353
23.0879	20.816
23.1179	20.9899
23.1479	21.157
23.1778	21.3173
23.2078	21.4708
23.2378	21.6175
23.2677	21.7573
23.2977	21.8902
23.3277	22.0163
23.3576	22.1354
23.3876	22.2477
23.4176	22.353
23.4476	22.4515
23.4775	22.543
23.5075	22.6275
23.5375	22.7051
23.5674	22.7758
23.5974	22.8396
23.6274	22.8964
23.6573	22.9463
23.6873	22.9892
23.7173	23.0252
23.7473	23.0544
23.7772	23.0766
23.8072	23.0919
23.8372	23.1003
23.8671	23.1018
23.8971	23.0965
23.9271	23.0844
23.957	23.0654
23.987	23.0396
24.017	23.0071
24.047	22.9677
24.0769	22.9217
24.1069	22.8689
24.1369	22.8095
24.1668	22.7434
24.1968	22.6706
24.2268	22.5913
24.2567	22.5054
24.2867	22.413
24.3167	22.314
24.3467	22.2086
24.3766	22.0968
24.4066	21.9787
24.4366	21.8542
24.4665	21.7233
24.4965	21.5863
24.5265	21.443
24.5564	21.2936
24.5864	21.1381
24.6164	20.9766
24.6464	20.809
24.6763	20.6355
24.7063	20.4561
24.7363	20.2709
24.7662	20.0799
24.7962	19.8832
24.8262	19.6809
24.8561	19.473
24.8861	19.2596
24.9161	19.0407
24.9461	18.8165
24.976	18.5869
25.006	18.3522
25.036	18.1123
25.0659	17.8673
25.0959	17.6173
25.1259	17.3624
25.1558	17.1027
25.1858	16.8382
25.2158	16.569
25.2458	16.2953
25.2757	16.0171
25.3057	15.7345
25.3357	15.4477
25.3656	15.1566
25.3956	14.8614
25.4256	14.5622
25.4555	14.259
25.4855	13.9521
25.5155	13.6415
25.5455	13.3273
25.5754	13.0096
25.6054	12.6885
25.6354	12.3641
25.6653	12.0366
25.6953	11.706
25.7253	11.3725
25.7552	11.0363
25.7852	10.6973
25.8152	10.3557
25.8452	10.0117
25.8751	9.6654
25.9051	9.31688
25.9351	8.96629
25.965	8.61376
25.995	8.25942
26.025	7.9034
26.0549	7.54583
26.0849	7.18685
26.1149	6.82659
26.1449	6.46519
26.1748	6.10279
26.2048	5.73952
26.2348	5.37553
26.2647	5.01095
26.2947	4.64593
26.3247	4.28062
26.3546	3.91516
26.3846	3.54968
26.4146	3.18435
26.4446	2.8193
26.4745	2.45469
26.5045	2.09066
26.5345	1.72736
26.5644	1.36494
26.5944	1.00355
26.6244	0.643349
26.6543	0.284477
26.6843	-0.072911
26.7143	-0.428663
26.7443	-0.782627
26.7742	-1.13465
26.8042	-1.48458
26.8342	-1.83227
26.8641	-2.17756
26.8941	-2.52031
26.9241	-2.86035
26.954	-3.19755
26.984	-3.53174
27.014	-3.86279
27.044	-4.19053
27.0739	-4.51482
27.1039	-4.83551
27.1339	-5.15245
27.1638	-5.4655
27.1938	-5.77451
27.2238	-6.07934
27.2537	-6.37984
27.2837	-6.67586
27.3137	-6.96728
27.3437	-7.25394
27.3736	-7.53571
27.4036	-7.81245
27.4336	-8.08403
27.4635	-8.35031
27.4935	-8.61116
27.5235	-8.86646
27.5534	-9.11606
27.5834	-9.35985
27.6134	-9.59771
27.6434	-9.8295
27.6733	-10.0551
27.7033	-10.2744
27.7333	-10.4873
27.7632	-10.6937
27.7932	-10.8935
27.8232	-11.0865
27.8531	-11.2726
27.8831	-11.4519
27.9131	-11.624
27.9431	-11.7891
27.973	-11.9469
28.003	-12.0974
28.033	-12.2404
28.0629	-12.376
28.0929	-12.504
28.1229	-12.6244
28.1528	-12.737
28.1828	-12.8419
28.2128	-12.9389
28.2428	-13.028
28.2727	-13.1091
28.3027	-13.1822
28.3327	-13.2472
28.3626	-13.3041
28.3926	-13.3528
28.4226	-13.3934
28.4525	-13.4256
28.4825	-13.4496
28.5125	-13.4653
28.5425	-13.4727
28.5724	-13.4718
28.6024	-13.4625
28.6324	-13.4448
28.6623	-13.4188
28.6923	-13.3844
28.7223	-13.3417
28.7522	-13.2905
28.7822	-13.2311
28.8122	-13.1633
28.8422	-13.0872
28.8721	-13.0029
28.9021	-12.9102
28.9321	-12.8094
28.962	-12.7004
28.992	-12.5833
29.022	-12.458
29.0519	-12.3248
29.0819	-12.1836
29.1119	-12.0344
29.1419	-11.8774
29.1718	-11.7127
29.2018	-11.5402
29.2318	-11.3601
29.2617	-11.1725
29.2917	-10.9774
29.3217	-10.7749
29.3516	-10.5652
29.3816	-10.3484
29.4116	-10.1244
29.4416	-9.89353
29.4715	-9.6558
29.5015	-9.41135
29.5315	-9.1603
29.5614	-8.90278
29.5914	-8.63891
29.6214	-8.36882
29.6513	-8.09265
29.6813	-7.81055
29.7113	-7.52265
29.7413	-7.2291
29.7712	-6.93006
29.8012	-6.62567
29.8312	-6.31609
29.8611	-6.00149
29.8911	-5.68203
29.9211	-5.35786
29.951	-5.02918
29.981	-4.69614
30.011	-4.35892
30.041	-4.0177
30.0709	-3.67265
30.1009	-3.32398
30.1309	-2.97185
30.1608	-2.61645
30.1908	-2.25798
30.2208	-1.89663
30.2507	-1.53259
30.2807	-1.16606
30.3107	-0.797228
30.3407	-0.426302
30.3706	-0.053479
30.4006	0.321038
30.4306	0.697047
30.4605	1.07434
30.4905	1.45272
30.5205	1.83198
30.5504	2.2119
30.5804	2.59229
30.6104	2.97293
30.6404	3.35361
30.6703	3.73413
30.7003	4.11428
30.7303	4.49385
30.7602	4.87263
30.7902	5.25042
30.8202	5.627
30.8501	6.00216
30.8801	6.37571
30.9101	6.74743
30.9401	7.11713
30.97	7.48458
31	7.84961
