1	-109.235
1.0333	-109.831
1.06659	-110.364
1.09989	-110.833
1.13319	-111.237
1.16648	-111.579
1.19978	-111.856
1.23307	-112.07
1.26637	-112.221
1.29967	-112.309
1.33296	-112.335
1.36626	-112.298
1.39956	-112.199
1.43285	-112.038
1.46615	-111.817
1.49945	-111.534
1.53274	-111.192
1.56604	-110.79
1.59933	-110.328
1.63263	-109.808
1.66593	-109.229
1.69922	-108.593
1.73252	-107.9
1.76582	-107.151
1.79911	-106.346
1.83241	-105.487
1.8657	-104.573
1.899	-103.606
1.9323	-102.587
1.96559	-101.515
1.99889	-100.393
2.03219	-99.2203
2.06548	-97.9986
2.09878	-96.7285
2.13208	-95.4109
2.16537	-94.0468
2.19867	-92.6371
2.23196	-91.1828
2.26526	-89.6849
2.29856	-88.1443
2.33185	-86.5621
2.36515	-84.9393
2.39845	-83.2769
2.43174	-81.5761
2.46504	-79.8379
2.49834	-78.0634
2.53163	-76.2536
2.56493	-74.4098
2.59822	-72.533
2.63152	-70.6243
2.66482	-68.685
2.69811	-66.7162
2.73141	-64.7191
2.76471	-62.6947
2.798	-60.6444
2.8313	-58.5693
2.86459	-56.4707
2.89789	-54.3496
2.93119	-52.2074
2.96448	-50.0452
2.99778	-47.8644
3.03108	-45.666
3.06437	-43.4513
3.09767	-41.2217
3.13097	-38.9782
3.16426	-36.7221
3.19756	-34.4548
3.23085	-32.1773
3.26415	-29.891
3.29745	-27.5971
3.33074	-25.2967
3.36404	-22.9913
3.39734	-20.6819
3.43063	-18.3698
3.46393	-16.0562
3.49723	-13.7423
3.53052	-11.4294
3.56382	-9.11868
3.59711	-6.81128
3.63041	-4.50843
3.66371	-2.21131
3.697	0.0789079
3.7303	2.36105
3.7636	4.63395
3.79689	6.89647
3.83019	9.14747
3.86349	11.3858
3.89678	13.6104
3.93008	15.8201
3.96337	18.0138
3.99667	20.1904
4.02997	22.3489
4.06326	24.4883
4.09656	26.6074
4.12986	28.7053
4.16315	30.7809
4.19645	32.8332
4.22974	34.8613
4.26304	36.8642
4.29634	38.8409
4.32963	40.7905
4.36293	42.7121
4.39623	44.6049
4.42952	46.4678
4.46282	48.3001
4.49612	50.101
4.52941	51.8695
4.56271	53.6049
4.596	55.3064
4.6293	56.9733
4.6626	58.6048
4.69589	60.2002
4.72919	61.7588
4.76249	63.2798
4.79578	64.7628
4.82908	66.2069
4.86238	67.6117
4.89567	68.9764
4.92897	70.3006
4.96226	71.5838
4.99556	72.8253
5.02886	74.0246
5.06215	75.1814
5.09545	76.2952
5.12875	77.3654
5.16204	78.3918
5.19534	79.374
5.22863	80.3115
5.26193	81.2041
5.29523	82.0514
5.32852	82.8532
5.36182	83.6092
5.39512	84.3192
5.42841	84.9829
5.46171	85.6003
5.49501	86.171
5.5283	86.6951
5.5616	87.1723
5.59489	87.6026
5.62819	87.986
5.66149	88.3223
5.69478	88.6117
5.72808	88.854
5.76138	89.0494
5.79467	89.1979
5.82797	89.2995
5.86127	89.3545
5.89456	89.3629
5.92786	89.3249
5.96115	89.2407
5.99445	89.1105
6.02775	88.9345
6.06104	88.7129
6.09434	88.4461
6.12764	88.1344
6.16093	87.778
6.19423	87.3773
6.22752	86.9328
6.26082	86.4447
6.29412	85.9135
6.32741	85.3397
6.36071	84.7236
6.39401	84.0658
6.4273	83.3667
6.4606	82.627
6.4939	81.847
6.52719	81.0275
6.56049	80.1688
6.59378	79.2718
6.62708	78.3369
6.66038	77.3648
6.69367	76.3562
6.72697	75.3117
6.76027	74.2321
6.79356	73.1179
6.82686	71.97
6.86016	70.7892
6.89345	69.576
6.92675	68.3314
6.96004	67.0561
6.99334	65.7508
7.02664	64.4165
7.05993	63.054
7.09323	61.664
7.12653	60.2475
7.15982	58.8052
7.19312	57.3382
7.22642	55.8472
7.25971	54.3332
7.29301	52.797
7.3263	51.2397
7.3596	49.6621
7.3929	48.0651
7.42619	46.4498
7.45949	44.817
7.49279	43.1678
7.52608	41.503
7.55938	39.8237
7.59267	38.1309
7.62597	36.4254
7.65927	34.7084
7.69256	32.9808
7.72586	31.2436
7.75916	29.4978
7.79245	27.7443
7.82575	25.9843
7.85905	24.2187
7.89234	22.4485
7.92564	20.6747
7.95893	18.8983
7.99223	17.1203
8.02553	15.3417
8.05882	13.5635
8.09212	11.7868
8.12542	10.0124
8.15871	8.24145
8.19201	6.47484
8.22531	4.71358
8.2586	2.95864
8.2919	1.21098
8.32519	-0.528428
8.35849	-2.25864
8.39179	-3.97871
8.42508	-5.68769
8.45838	-7.38467
8.49168	-9.06872
8.52497	-10.7389
8.55827	-12.3944
8.59156	-14.0342
8.62486	-15.6576
8.65816	-17.2635
8.69145	-18.8513
8.72475	-20.42
8.75805	-21.9687
8.79134	-23.4968
8.82464	-25.0034
8.85794	-26.4877
8.89123	-27.9489
8.92453	-29.3863
8.95782	-30.7991
8.99112	-32.1866
9.02442	-33.5482
9.05771	-34.8831
9.09101	-36.1906
9.12431	-37.4701
9.1576	-38.7209
9.1909	-39.9425
9.2242	-41.1342
9.25749	-42.2954
9.29079	-43.4257
9.32408	-44.5244
9.35738	-45.591
9.39068	-46.625
9.42397	-47.6259
9.45727	-48.5933
9.49057	-49.5268
9.52386	-50.4258
9.55716	-51.2901
9.59046	-52.1192
9.62375	-52.9127
9.65705	-53.6704
9.69034	-54.3919
9.72364	-55.077
9.75694	-55.7253
9.79023	-56.3367
9.82353	-56.9108
9.85683	-57.4476
9.89012	-57.9468
9.92342	-58.4082
9.95671	-58.8318
9.99001	-59.2174
10.0233	-59.565
10.0566	-59.8744
10.0899	-60.1456
10.1232	-60.3787
10.1565	-60.5736
10.1898	-60.7303
10.2231	-60.849
10.2564	-60.9296
10.2897	-60.9722
10.323	-60.9771
10.3563	-60.9442
10.3896	-60.8739
10.4229	-60.7662
10.4562	-60.6213
10.4895	-60.4396
10.5228	-60.2212
10.556	-59.9664
10.5893	-59.6755
10.6226	-59.3488
10.6559	-58.9866
10.6892	-58.5893
10.7225	-58.1573
10.7558	-57.691
10.7891	-57.1907
10.8224	-56.6569
10.8557	-56.0901
10.889	-55.4906
10.9223	-54.8591
10.9556	-54.1959
10.9889	-53.5017
11.0222	-52.7769
11.0555	-52.0221
11.0888	-51.2379
11.1221	-50.4249
11.1554	-49.5836
11.1887	-48.7147
11.222	-47.8188
11.2553	-46.8965
11.2886	-45.9486
11.3219	-44.9757
11.3552	-43.9784
11.3885	-42.9575
11.4218	-41.9137
11.455	-40.8477
11.4883	-39.7602
11.5216	-38.652
11.5549	-37.5238
11.5882	-36.3763
11.6215	-35.2105
11.6548	-34.027
11.6881	-32.8266
11.7214	-31.6101
11.7547	-30.3783
11.788	-29.1321
11.8213	-27.8722
11.8546	-26.5994
11.8879	-25.3147
11.9212	-24.0187
11.9545	-22.7123
11.9878	-21.3965
12.0211	-20.0719
12.0544	-18.7395
12.0877	-17.4
12.121	-16.0544
12.1543	-14.7034
12.1876	-13.348
12.2209	-11.9889
12.2542	-10.6269
12.2875	-9.26301
12.3208	-7.89794
12.3541	-6.53256
12.3873	-5.16769
12.4206	-3.80416
12.4539	-2.44278
12.4872	-1.08438
12.5205	0.270245
12.5538	1.62028
12.5871	2.96494
12.6204	4.30342
12.6537	5.63495
12.687	6.95874
12.7203	8.27404
12.7536	9.58009
12.7869	10.8761
12.8202	12.1614
12.8535	13.4352
12.8868	14.6969
12.9201	15.9456
12.9534	17.1808
12.9867	18.4016
13.02	19.6076
13.0533	20.7979
13.0866	21.9719
13.1199	23.1291
13.1532	24.2688
13.1865	25.3903
13.2198	26.4932
13.2531	27.5768
13.2863	28.6405
13.3196	29.6839
13.3529	30.7063
13.3862	31.7074
13.4195	32.6865
13.4528	33.6432
13.4861	34.577
13.5194	35.4875
13.5527	36.3742
13.586	37.2368
13.6193	38.0749
13.6526	38.888
13.6859	39.6757
13.7192	40.4379
13.7525	41.1741
13.7858	41.884
13.8191	42.5673
13.8524	43.2239
13.8857	43.8533
13.919	44.4554
13.9523	45.03
13.9856	45.5769
14.0189	46.0959
14.0522	46.5868
14.0855	47.0495
14.1188	47.4839
14.1521	47.8899
14.1853	48.2673
14.2186	48.6162
14.2519	48.9365
14.2852	49.2282
14.3185	49.4912
14.3518	49.7256
14.3851	49.9313
14.4184	50.1085
14.4517	50.2572
14.485	50.3774
14.5183	50.4694
14.5516	50.5331
14.5849	50.5688
14.6182	50.5765
14.6515	50.5565
14.6848	50.5089
14.7181	50.434
14.7514	50.3319
14.7847	50.2028
14.818	50.0472
14.8513	49.8651
14.8846	49.6568
14.9179	49.4228
14.9512	49.1632
14.9845	48.8785
15.0178	48.5688
15.0511	48.2347
15.0844	47.8764
15.1176	47.4944
15.1509	47.0889
15.1842	46.6605
15.2175	46.2096
15.2508	45.7365
15.2841	45.2417
15.3174	44.7256
15.3507	44.1888
15.384	43.6316
15.4173	43.0546
15.4506	42.4583
15.4839	41.8431
15.5172	41.2095
15.5505	40.5581
15.5838	39.8894
15.6171	39.2039
15.6504	38.5022
15.6837	37.7847
15.717	37.0521
15.7503	36.3048
15.7836	35.5436
15.8169	34.7688
15.8502	33.9811
15.8835	33.1811
15.9168	32.3694
15.9501	31.5464
15.9834	30.7128
16.0166	29.8693
16.0499	29.0163
16.0832	28.1544
16.1165	27.2843
16.1498	26.4066
16.1831	25.5217
16.2164	24.6304
16.2497	23.7332
16.283	22.8307
16.3163	21.9235
16.3496	21.0122
16.3829	20.0973
16.4162	19.1794
16.4495	18.2592
16.4828	17.3372
16.5161	16.4139
16.5494	15.49
16.5827	14.566
16.616	13.6424
16.6493	12.7198
16.6826	11.7988
16.7159	10.8799
16.7492	9.96368
16.7825	9.05061
16.8158	8.14124
16.8491	7.23608
16.8824	6.33566
16.9156	5.44048
16.9489	4.55102
16.9822	3.66779
17.0155	2.79125
17.0488	1.92189
17.0821	1.06015
17.1154	0.206511
17.1487	-0.6386
17.182	-1.47474
17.2153	-2.30149
17.2486	-3.11843
17.2819	-3.92515
17.3152	-4.72126
17.3485	-5.50637
17.3818	-6.2801
17.4151	-7.0421
17.4484	-7.792
17.4817	-8.52947
17.515	-9.25417
17.5483	-9.96577
17.5816	-10.664
17.6149	-11.3485
17.6482	-12.019
17.6815	-12.6753
17.7148	-13.317
17.7481	-13.944
17.7814	-14.5559
17.8147	-15.1526
17.8479	-15.7339
17.8812	-16.2994
17.9145	-16.8491
17.9478	-17.3828
17.9811	-17.9002
18.0144	-18.4013
18.0477	-18.8858
18.081	-19.3537
18.1143	-19.8048
18.1476	-20.239
18.1809	-20.6562
18.2142	-21.0563
18.2475	-21.4393
18.2808	-21.805
18.3141	-22.1535
18.3474	-22.4846
18.3807	-22.7984
18.414	-23.0948
18.4473	-23.3738
18.4806	-23.6354
18.5139	-23.8796
18.5472	-24.1065
18.5805	-24.316
18.6138	-24.5082
18.6471	-24.6832
18.6804	-24.8411
18.7137	-24.9818
18.7469	-25.1055
18.7802	-25.2123
18.8135	-25.3022
18.8468	-25.3754
18.8801	-25.432
18.9134	-25.472
18.9467	-25.4958
18.98	-25.5033
19.0133	-25.4948
19.0466	-25.4703
19.0799	-25.4301
19.1132	-25.3744
19.1465	-25.3032
19.1798	-25.2169
19.2131	-25.1155
19.2464	-24.9994
19.2797	-24.8686
19.313	-24.7235
19.3463	-24.5642
19.3796	-24.3909
19.4129	-24.2039
19.4462	-24.0034
19.4795	-23.7897
19.5128	-23.563
19.5461	-23.3236
19.5794	-23.0716
19.6127	-22.8074
19.6459	-22.5312
19.6792	-22.2434
19.7125	-21.944
19.7458	-21.6335
19.7791	-21.3121
19.8124	-20.9801
19.8457	-20.6377
19.879	-20.2853
19.9123	-19.9231
19.9456	-19.5514
19.9789	-19.1705
20.0122	-18.7807
20.0455	-18.3822
20.0788	-17.9755
20.1121	-17.5607
20.1454	-17.1381
20.1787	-16.7081
20.212	-16.2709
20.2453	-15.8269
20.2786	-15.3762
20.3119	-14.9193
20.3452	-14.4565
20.3785	-13.9879
20.4118	-13.5139
20.4451	-13.0348
20.4784	-12.5509
20.5117	-12.0625
20.545	-11.5698
20.5782	-11.0731
20.6115	-10.5728
20.6448	-10.0691
20.6781	-9.56227
20.7114	-9.0526
20.7447	-8.54038
20.778	-8.02586
20.8113	-7.50934
20.8446	-6.99107
20.8779	-6.47131
20.9112	-5.95035
20.9445	-5.42842
20.9778	-4.9058
21.0111	-4.38273
21.0444	-3.85947
21.0777	-3.33627
21.111	-2.81337
21.1443	-2.29101
21.1776	-1.76943
21.2109	-1.24887
21.2442	-0.729555
21.2775	-0.211715
21.3108	0.304427
21.3441	0.818649
21.3774	1.33073
21.4107	1.84047
21.444	2.34765
21.4772	2.85206
21.5105	3.35351
21.5438	3.8518
21.5771	4.34673
21.6104	4.83811
21.6437	5.32576
21.677	5.80949
21.7103	6.28913
21.7436	6.7645
21.7769	7.23543
21.8102	7.70176
21.8435	8.16331
21.8768	8.61994
21.9101	9.07149
21.9434	9.51781
21.9767	9.95875
22.01	10.3942
22.0433	10.8239
22.0766	11.2479
22.1099	11.6659
22.1432	12.0778
22.1765	12.4836
22.2098	12.8831
22.2431	13.2761
22.2764	13.6626
22.3097	14.0425
22.343	14.4156
22.3762	14.7819
22.4095	15.1412
22.4428	15.4934
22.4761	15.8385
22.5094	16.1764
22.5427	16.507
22.576	16.8301
22.6093	17.1458
22.6426	17.4539
22.6759	17.7543
22.7092	18.0471
22.7425	18.3321
22.7758	18.6093
22.8091	18.8785
22.8424	19.1399
22.8757	19.3932
22.909	19.6384
22.9423	19.8755
22.9756	20.1045
23.0089	20.3253
23.0422	20.5378
23.0755	20.742
23.1088	20.9379
23.1421	21.1255
23.1754	21.3047
23.2087	21.4754
23.242	21.6378
23.2752	21.7916
23.3085	21.937
23.3418	22.0739
23.3751	22.2023
23.4084	22.3221
23.4417	22.4334
23.475	22.5361
23.5083	22.6303
23.5416	22.7159
23.5749	22.793
23.6082	22.8615
23.6415	22.9214
23.6748	22.9728
23.7081	23.0156
23.7414	23.0499
23.7747	23.0757
23.808	23.0929
23.8413	23.1017
23.8746	23.1019
23.9079	23.0937
23.9412	23.0771
23.9745	23.0521
24.0078	23.0186
24.0411	22.9769
24.0744	22.9268
24.1077	22.8684
24.141	22.8017
24.1743	22.7269
24.2075	22.6439
24.2408	22.5527
24.2741	22.4535
24.3074	22.3462
24.3407	22.231
24.374	22.1078
24.4073	21.9767
24.4406	21.8378
24.4739	21.6912
24.5072	21.5368
24.5405	21.3748
24.5738	21.2053
24.6071	21.0283
24.6404	20.8438
24.6737	20.652
24.707	20.4529
24.7403	20.2466
24.7736	20.0333
24.8069	19.8128
24.8402	19.5855
24.8735	19.3513
24.9068	19.1104
24.9401	18.8627
24.9734	18.6086
25.0067	18.3479
25.04	18.081
25.0733	17.8077
25.1065	17.5283
25.1398	17.2429
25.1731	16.9516
25.2064	16.6545
25.2397	16.3517
25.273	16.0433
25.3063	15.7295
25.3396	15.4104
25.3729	15.0861
25.4062	14.7568
25.4395	14.4226
25.4728	14.0836
25.5061	13.74
25.5394	13.3919
25.5727	13.0395
25.606	12.6829
25.6393	12.3223
25.6726	11.9577
25.7059	11.5895
25.7392	11.2177
25.7725	10.8425
25.8058	10.4641
25.8391	10.0826
25.8724	9.69815
25.9057	9.31102
25.939	8.92135
25.9723	8.52929
26.0055	8.13504
26.0388	7.73877
26.0721	7.34066
26.1054	6.94091
26.1387	6.53969
26.172	6.1372
26.2053	5.73363
26.2386	5.32917
26.2719	4.92401
26.3052	4.51835
26.3385	4.11238
26.3718	3.70631
26.4051	3.30033
26.4384	2.89465
26.4717	2.48947
26.505	2.08498
26.5383	1.68141
26.5716	1.27894
26.6049	0.877791
26.6382	0.478166
26.6715	0.0802722
26.7048	-0.315682
26.7381	-0.70949
26.7714	-1.10094
26.8047	-1.48983
26.838	-1.87594
26.8713	-2.25908
26.9046	-2.63902
26.9378	-3.01557
26.9711	-3.38852
27.0044	-3.75765
27.0377	-4.12277
27.071	-4.48367
27.1043	-4.84014
27.1376	-5.19199
27.1709	-5.539
27.2042	-5.88099
27.2375	-6.21775
27.2708	-6.54909
27.3041	-6.8748
27.3374	-7.19471
27.3707	-7.50862
27.404	-7.81633
27.4373	-8.11767
27.4706	-8.41245
27.5039	-8.70049
27.5372	-8.98161
27.5705	-9.25565
27.6038	-9.52241
27.6371	-9.78175
27.6704	-10.0335
27.7037	-10.2775
27.737	-10.5135
27.7703	-10.7415
27.8036	-10.9613
27.8368	-11.1727
27.8701	-11.3756
27.9034	-11.5699
27.9367	-11.7554
27.97	-11.932
28.0033	-12.0995
28.0366	-12.258
28.0699	-12.4071
28.1032	-12.5469
28.1365	-12.6772
28.1698	-12.798
28.2031	-12.9091
28.2364	-13.0104
28.2697	-13.102
28.303	-13.1836
28.3363	-13.2552
28.3696	-13.3168
28.4029	-13.3684
28.4362	-13.4097
28.4695	-13.4409
28.5028	-13.4619
28.5361	-13.4726
28.5694	-13.473
28.6027	-13.4631
28.636	-13.4429
28.6693	-13.4124
28.7026	-13.3715
28.7358	-13.3203
28.7691	-13.2588
28.8024	-13.187
28.8357	-13.105
28.869	-13.0127
28.9023	-12.9103
28.9356	-12.7977
28.9689	-12.675
29.0022	-12.5423
29.0355	-12.3996
29.0688	-12.2471
29.1021	-12.0847
29.1354	-11.9127
29.1687	-11.731
29.202	-11.5398
29.2353	-11.3392
29.2686	-11.1293
29.3019	-10.9102
29.3352	-10.6821
29.3685	-10.445
29.4018	-10.1992
29.4351	-9.94479
29.4684	-9.68189
29.5017	-9.41067
29.535	-9.13131
29.5683	-8.84397
29.6016	-8.54883
29.6349	-8.24608
29.6681	-7.9359
29.7014	-7.6185
29.7347	-7.29406
29.768	-6.96279
29.8013	-6.6249
29.8346	-6.28062
29.8679	-5.93015
29.9012	-5.57373
29.9345	-5.21158
29.9678	-4.84394
30.0011	-4.47104
30.0344	-4.09314
30.0677	-3.71047
30.101	-3.32328
30.1343	-2.93184
30.1676	-2.53639
30.2009	-2.1372
30.2342	-1.73453
30.2675	-1.32865
30.3008	-0.919834
30.3341	-0.508344
30.3674	-0.0944586
30.4007	0.321546
30.434	0.739391
30.4673	1.1588
30.5006	1.57948
30.5339	2.00116
30.5671	2.42355
30.6004	2.84637
30.6337	3.26934
30.667	3.69215
30.7003	4.11454
30.7336	4.53621
30.7669	4.95688
30.8002	5.37626
30.8335	5.79406
30.8668	6.21001
30.9001	6.62382
30.9334	7.03521
30.9667	7.4439
31	7.84961
